# Blender v2.78 (sub 0) OBJ File: ''
# www.blender.org
mtllib crystal.mtl
o Cube.029_Cube.014
v -0.184756 0.442411 0.022258
v -0.271651 0.529417 0.029880
v 0.671948 1.581736 -3.216379
v 0.585053 1.668742 -3.208757
v -0.123353 0.500521 0.058944
v -0.210249 0.587528 0.066566
v 0.733351 1.639846 -3.179694
v 0.646455 1.726853 -3.172072
vn -0.6663 -0.6306 -0.3981
vn 0.2421 0.3220 -0.9153
vn 0.6663 0.6306 0.3981
vn -0.2421 -0.3220 0.9153
vn 0.7053 -0.7062 -0.0619
vn -0.7053 0.7062 0.0619
usemtl None
s off
f 1//1 2//1 4//1 3//1
f 3//2 4//2 8//2 7//2
f 7//3 8//3 6//3 5//3
f 5//4 6//4 2//4 1//4
f 3//5 7//5 5//5 1//5
f 8//6 4//6 2//6 6//6
o Cube.028_Cube.015
v -0.213524 0.407813 0.107509
v -0.299981 0.495205 0.115674
v -0.569174 0.384868 -3.412969
v -0.655632 0.472261 -3.404804
v -0.148525 0.472769 0.100519
v -0.234983 0.560161 0.108684
v -0.504176 0.449824 -3.419958
v -0.590633 0.537217 -3.411794
vn -0.7053 -0.7048 0.0758
vn -0.1005 -0.0065 -0.9949
vn 0.7053 0.7048 -0.0758
vn 0.1005 0.0065 0.9949
vn 0.7017 -0.7093 -0.0663
vn -0.7017 0.7093 0.0663
usemtl None
s off
f 9//7 10//7 12//7 11//7
f 11//8 12//8 16//8 15//8
f 15//9 16//9 14//9 13//9
f 13//10 14//10 10//10 9//10
f 11//11 15//11 13//11 9//11
f 16//12 12//12 10//12 14//12
o Cube.027_Cube.016
v -0.246206 0.411570 0.052947
v -0.313813 0.480324 0.059471
v -0.993768 -0.074110 -2.575721
v -1.061375 -0.005355 -2.569198
v -0.198356 0.460775 0.030248
v -0.265962 0.529530 0.036771
v -0.945917 -0.024905 -2.598421
v -1.013524 0.043850 -2.591897
vn -0.6619 -0.6806 0.3140
vn -0.2693 -0.1750 -0.9470
vn 0.6619 0.6806 -0.3140
vn 0.2693 0.1750 0.9470
vn 0.6995 -0.7114 -0.0675
vn -0.6995 0.7114 0.0675
usemtl None
s off
f 17//13 18//13 20//13 19//13
f 19//14 20//14 24//14 23//14
f 23//15 24//15 22//15 21//15
f 21//16 22//16 18//16 17//16
f 19//17 23//17 21//17 17//17
f 24//18 20//18 18//18 22//18
o Cube.026_Cube.016
v -0.261201 0.374310 -0.033287
v -0.346590 0.460408 -0.025329
v -0.339104 0.618772 -3.513989
v -0.424493 0.704870 -3.506031
v -0.196557 0.438142 -0.030250
v -0.281945 0.524239 -0.022292
v -0.274460 0.682604 -3.510953
v -0.359849 0.768701 -3.502995
vn -0.7112 -0.7022 -0.0334
vn -0.0223 0.0700 -0.9973
vn 0.7112 0.7022 0.0334
vn 0.0223 -0.0700 0.9973
vn 0.7027 -0.7085 -0.0655
vn -0.7027 0.7085 0.0655
usemtl None
s off
f 25//19 26//19 28//19 27//19
f 27//20 28//20 32//20 31//20
f 31//21 32//21 30//21 29//21
f 29//22 30//22 26//22 25//22
f 27//23 31//23 29//23 25//23
f 32//24 28//24 26//24 30//24
o Cube.025_Cube.015
v -0.209172 0.414782 0.071878
v -0.295966 0.501874 0.079676
v 0.325424 1.251623 -3.324396
v 0.238629 1.338715 -3.316599
v -0.145265 0.476215 0.097074
v -0.232059 0.563307 0.104872
v 0.389331 1.313056 -3.299200
v 0.302536 1.400148 -3.291402
vn -0.6935 -0.6666 -0.2734
vn 0.1511 0.2365 -0.9598
vn 0.6935 0.6666 0.2734
vn -0.1511 -0.2365 0.9598
vn 0.7045 -0.7069 -0.0633
vn -0.7045 0.7069 0.0633
usemtl None
s off
f 33//25 34//25 36//25 35//25
f 35//26 36//26 40//26 39//26
f 39//27 40//27 38//27 37//27
f 37//28 38//28 34//28 33//28
f 35//29 39//29 37//29 33//29
f 40//30 36//30 34//30 38//30
o Cube.024_Cube.014
v -0.206008 0.390059 0.061102
v -0.254425 0.474968 0.080323
v 0.899753 1.556407 -2.305796
v 0.851336 1.641316 -2.286574
v -0.147603 0.414464 0.100413
v -0.196020 0.499373 0.119635
v 0.958158 1.580812 -2.266484
v 0.909741 1.665721 -2.247262
vn -0.7838 -0.3275 -0.5276
vn 0.3865 0.4077 -0.8273
vn 0.7838 0.3275 0.5276
vn -0.3865 -0.4077 0.8273
vn 0.4860 -0.8524 -0.1930
vn -0.4860 0.8524 0.1930
usemtl None
s off
f 41//31 42//31 44//31 43//31
f 43//32 44//32 48//32 47//32
f 47//33 48//33 46//33 45//33
f 45//34 46//34 42//34 41//34
f 43//35 47//35 45//35 41//35
f 48//36 44//36 42//36 46//36
o Cube.023_Cube.013
v -0.238948 0.434416 0.069414
v -0.314911 0.510365 0.075935
v 0.731522 1.634970 -2.608243
v 0.655558 1.710919 -2.601722
v -0.187836 0.482111 0.109323
v -0.263800 0.558059 0.115844
v 0.782633 1.682665 -2.568334
v 0.706670 1.758614 -2.561814
vn -0.6349 -0.5925 -0.4958
vn 0.3140 0.3884 -0.8663
vn 0.6349 0.5925 0.4958
vn -0.3140 -0.3884 0.8663
vn 0.7059 -0.7057 -0.0606
vn -0.7059 0.7057 0.0606
usemtl None
s off
f 49//37 50//37 52//37 51//37
f 51//38 52//38 56//38 55//38
f 55//39 56//39 54//39 53//39
f 53//40 54//40 50//40 49//40
f 51//41 55//41 53//41 49//41
f 56//42 52//42 50//42 54//42
o Cube.022_Cube.009
v -0.102873 0.386816 0.009582
v -0.172617 0.307462 -0.010911
v -0.815394 1.710473 -2.691017
v -0.885138 1.631119 -2.711510
v -0.161301 0.428865 0.045607
v -0.231045 0.349512 0.025114
v -0.873822 1.752522 -2.654992
v -0.943566 1.673169 -2.675485
vn 0.7258 -0.5224 -0.4475
vn -0.2305 0.4283 -0.8738
vn -0.7258 0.5224 0.4475
vn 0.2305 -0.4283 0.8738
vn 0.6481 0.7374 0.1904
vn -0.6481 -0.7374 -0.1904
usemtl None
s off
f 57//43 58//43 60//43 59//43
f 59//44 60//44 64//44 63//44
f 63//45 64//45 62//45 61//45
f 61//46 62//46 58//46 57//46
f 59//47 63//47 61//47 57//47
f 64//48 60//48 58//48 62//48
o Cube.020_Cube.011
v -0.086439 0.416682 0.020355
v -0.166503 0.325946 -0.002789
v -0.267291 1.439109 -3.362352
v -0.347355 1.348372 -3.385497
v -0.156325 0.473050 0.041129
v -0.236390 0.382314 0.017985
v -0.337177 1.495476 -3.341578
v -0.417241 1.404740 -3.364723
vn 0.7583 -0.6116 -0.2254
vn -0.0511 0.2889 -0.9560
vn -0.7583 0.6116 0.2254
vn 0.0511 -0.2889 0.9560
vn 0.6499 0.7365 0.1879
vn -0.6499 -0.7365 -0.1879
usemtl None
s off
f 65//49 66//49 68//49 67//49
f 67//50 68//50 72//50 71//50
f 71//51 72//51 70//51 69//51
f 69//52 70//52 66//52 65//52
f 67//53 71//53 69//53 65//53
f 72//54 68//54 66//54 70//54
o Cube.019_Cube.012
v -0.021986 0.383632 -0.080432
v -0.101218 0.294302 -0.103011
v 0.439157 0.841361 -3.509564
v 0.359926 0.752031 -3.532143
v -0.089853 0.444093 -0.081488
v -0.169085 0.354763 -0.104066
v 0.371291 0.901822 -3.510620
v 0.292059 0.812492 -3.533199
vn 0.7466 -0.6652 0.0116
vn 0.1321 0.1311 -0.9825
vn -0.7466 0.6652 -0.0116
vn -0.1321 -0.1311 0.9825
vn 0.6520 0.7351 0.1858
vn -0.6520 -0.7351 -0.1858
usemtl None
s off
f 73//55 74//55 76//55 75//55
f 75//56 76//56 80//56 79//56
f 79//57 80//57 78//57 77//57
f 77//58 78//58 74//58 73//58
f 75//59 79//59 77//59 73//59
f 80//60 76//60 74//60 78//60
o Cube.018_Cube.011
v -0.086405 0.407114 0.055647
v -0.166863 0.316639 0.032844
v 0.664969 0.608953 -3.396232
v 0.584511 0.518478 -3.419036
v -0.153398 0.469446 0.044710
v -0.233856 0.378972 0.021906
v 0.597976 0.671285 -3.407170
v 0.517519 0.580810 -3.429974
vn 0.7269 -0.6764 0.1187
vn 0.2123 0.0570 -0.9755
vn -0.7269 0.6764 -0.1187
vn -0.2123 -0.0570 0.9755
vn 0.6530 0.7344 0.1851
vn -0.6530 -0.7344 -0.1851
usemtl None
s off
f 81//61 82//61 84//61 83//61
f 83//62 84//62 88//62 87//62
f 87//63 88//63 86//63 85//63
f 85//64 86//64 82//64 81//64
f 83//65 87//65 85//65 81//65
f 88//66 84//66 82//66 86//66
o Cube.017_Cube.010
v -0.105387 0.447318 -0.029885
v -0.185326 0.356513 -0.053195
v -0.637604 1.749371 -3.276757
v -0.717543 1.658566 -3.300067
v -0.174129 0.499562 0.002334
v -0.254068 0.408757 -0.020977
v -0.706346 1.801615 -3.244538
v -0.786285 1.710811 -3.267848
vn 0.7459 -0.5669 -0.3496
vn -0.1504 0.3680 -0.9176
vn -0.7459 0.5669 0.3496
vn 0.1504 -0.3680 0.9176
vn 0.6488 0.7370 0.1892
vn -0.6488 -0.7370 -0.1892
usemtl None
s off
f 89//67 90//67 92//67 91//67
f 91//68 92//68 96//68 95//68
f 95//69 96//69 94//69 93//69
f 93//70 94//70 90//70 89//70
f 91//71 95//71 93//71 89//71
f 96//72 92//72 90//72 94//72
o Cube.016_Cube.009
v -0.082270 0.411067 0.004034
v -0.156764 0.326832 -0.017354
v 0.025462 1.129835 -3.202106
v -0.049031 1.045600 -3.223494
v -0.147217 0.465934 0.014152
v -0.221710 0.381699 -0.007236
v -0.039484 1.184702 -3.191988
v -0.113978 1.100467 -3.213376
vn 0.7585 -0.6408 -0.1182
vn 0.0328 0.2186 -0.9753
vn -0.7585 0.6408 0.1182
vn -0.0328 -0.2186 0.9753
vn 0.6508 0.7359 0.1868
vn -0.6508 -0.7359 -0.1868
usemtl None
s off
f 97//73 98//73 100//73 99//73
f 99//74 100//74 104//74 103//74
f 103//75 104//75 102//75 101//75
f 101//76 102//76 98//76 97//76
f 99//77 103//77 101//77 97//77
f 104//78 100//78 98//78 102//78
o Cube.015_Cube.005
v -0.124345 0.321961 0.085397
v -0.238472 0.313403 0.083376
v -0.083238 0.548373 -3.194026
v -0.197365 0.539815 -3.196047
v -0.130836 0.407138 0.091197
v -0.244962 0.398580 0.089175
v -0.089728 0.633550 -3.188226
v -0.203855 0.624992 -3.190248
vn 0.0758 -0.9948 -0.0677
vn 0.0125 0.0689 -0.9975
vn -0.0758 0.9948 0.0677
vn -0.0125 -0.0689 0.9975
vn 0.9970 0.0748 0.0177
vn -0.9970 -0.0748 -0.0177
usemtl None
s off
f 105//79 106//79 108//79 107//79
f 107//80 108//80 112//80 111//80
f 111//81 112//81 110//81 109//81
f 109//82 110//82 106//82 105//82
f 107//83 111//83 109//83 105//83
f 112//84 108//84 106//84 110//84
o Cube.014_Cube.006
v -0.121350 0.361696 0.047832
v -0.244162 0.352197 0.045375
v -0.138039 1.448538 -3.319551
v -0.260851 1.439039 -3.322009
v -0.128676 0.449110 0.076082
v -0.251488 0.439611 0.073625
v -0.145365 1.535952 -3.291302
v -0.268177 1.526453 -3.293759
vn 0.0795 -0.9485 -0.3065
vn -0.0047 0.3072 -0.9516
vn -0.0795 0.9485 0.3065
vn 0.0047 -0.3072 0.9516
vn 0.9968 0.0771 0.0199
vn -0.9968 -0.0771 -0.0199
usemtl None
s off
f 113//85 114//85 116//85 115//85
f 115//86 116//86 120//86 119//86
f 119//87 120//87 118//87 117//87
f 117//88 118//88 114//88 113//88
f 115//89 119//89 117//89 113//89
f 120//90 116//90 114//90 118//90
o Cube.013_Cube.007
v -0.119933 0.325592 0.137090
v -0.242838 0.317248 0.135147
v -0.023490 -0.283449 -3.347238
v -0.146395 -0.291792 -3.349182
v -0.125828 0.416159 0.121096
v -0.248733 0.407815 0.119153
v -0.029385 -0.192882 -3.363232
v -0.152291 -0.201225 -3.365175
vn 0.0640 -0.9827 0.1735
vn 0.0273 -0.1721 -0.9847
vn -0.0640 0.9827 -0.1735
vn -0.0273 0.1721 0.9847
vn 0.9976 0.0677 0.0158
vn -0.9976 -0.0677 -0.0158
usemtl None
s off
f 121//91 122//91 124//91 123//91
f 123//92 124//92 128//92 127//92
f 127//93 128//93 126//93 125//93
f 125//94 126//94 122//94 121//94
f 123//95 127//95 125//95 121//95
f 128//96 124//96 122//96 126//96
o Cube.011_Cube.008
v -0.114559 0.254691 0.002331
v -0.235736 0.245785 0.000304
v -0.040058 0.033350 -3.479993
v -0.161235 0.024444 -3.482019
v -0.121109 0.345161 -0.003560
v -0.242286 0.336255 -0.005586
v -0.046609 0.123820 -3.485884
v -0.167786 0.114914 -3.487910
vn 0.0721 -0.9953 0.0648
vn 0.0213 -0.0634 -0.9978
vn -0.0721 0.9953 -0.0648
vn -0.0213 0.0634 0.9978
vn 0.9972 0.0733 0.0167
vn -0.9972 -0.0733 -0.0167
usemtl None
s off
f 129//97 130//97 132//97 131//97
f 131//98 132//98 136//98 135//98
f 135//99 136//99 134//99 133//99
f 133//100 134//100 130//100 129//100
f 131//101 135//101 133//101 129//101
f 136//102 132//102 130//102 134//102
o Cube.010_Cube.007
v -0.120734 0.329919 0.100855
v -0.243561 0.320567 0.098560
v -0.103868 0.962904 -3.380498
v -0.226695 0.953553 -3.382793
v -0.127923 0.420319 0.117257
v -0.250750 0.410968 0.114962
v -0.111057 1.053305 -3.364096
v -0.233884 1.043954 -3.366391
vn 0.0780 -0.9809 -0.1780
vn 0.0048 0.1789 -0.9839
vn -0.0780 0.9809 0.1780
vn -0.0048 -0.1789 0.9839
vn 0.9969 0.0759 0.0186
vn -0.9969 -0.0759 -0.0186
usemtl None
s off
f 137//103 138//103 140//103 139//103
f 139//104 140//104 144//104 143//104
f 143//105 144//105 142//105 141//105
f 141//106 142//106 138//106 137//106
f 139//107 143//107 141//107 137//107
f 144//108 140//108 138//108 142//108
o Cube.009_Cube.006
v -0.134254 0.316107 0.056601
v -0.233526 0.308203 0.054201
v -0.220286 2.080066 -2.194249
v -0.319558 2.072162 -2.196649
v -0.140012 0.374473 0.102561
v -0.239284 0.366569 0.100161
v -0.226044 2.138432 -2.148288
v -0.325316 2.130528 -2.150688
vn 0.0773 -0.7833 -0.6168
vn -0.0301 0.6166 -0.7867
vn -0.0773 0.7833 0.6168
vn 0.0301 -0.6166 0.7867
vn 0.9966 0.0793 0.0241
vn -0.9966 -0.0793 -0.0241
usemtl None
s off
f 145//109 146//109 148//109 147//109
f 147//110 148//110 152//110 151//110
f 151//111 152//111 150//111 149//111
f 149//112 150//112 146//112 145//112
f 147//113 151//113 149//113 145//113
f 152//114 148//114 146//114 150//114
o Cube.008_Cube.005
v -0.154673 0.319657 0.096274
v -0.261937 0.311268 0.093999
v -0.193725 1.583825 -2.723893
v -0.300989 1.575436 -2.726168
v -0.161094 0.392845 0.129170
v -0.268359 0.384456 0.126895
v -0.200146 1.657013 -2.690997
v -0.307411 1.648624 -2.693272
vn 0.0798 -0.9092 -0.4087
vn -0.0126 0.4090 -0.9124
vn -0.0798 0.9092 0.4087
vn 0.0126 -0.4090 0.9124
vn 0.9967 0.0780 0.0211
vn -0.9967 -0.0780 -0.0211
usemtl None
s off
f 153//115 154//115 156//115 155//115
f 155//116 156//116 160//116 159//116
f 159//117 160//117 158//117 157//117
f 157//118 158//118 154//118 153//118
f 155//119 159//119 157//119 153//119
f 160//120 156//120 154//120 158//120
o Cube.007_Cube.001
v -0.208224 0.452944 0.157338
v -0.208593 0.560559 0.156987
v 0.861339 0.447164 -2.742488
v 0.860970 0.554779 -2.742839
v -0.132700 0.453294 0.185193
v -0.133069 0.560909 0.184843
v 0.936862 0.447514 -2.714633
v 0.936494 0.555129 -2.714984
vn -0.9382 -0.0043 -0.3460
vn 0.3460 -0.0019 -0.9382
vn 0.9382 0.0043 0.3460
vn -0.3460 0.0019 0.9382
vn 0.0034 -1.0000 0.0033
vn -0.0034 1.0000 -0.0033
usemtl None
s off
f 161//121 162//121 164//121 163//121
f 163//122 164//122 168//122 167//122
f 167//123 168//123 166//123 165//123
f 165//124 166//124 162//124 161//124
f 163//125 167//125 165//125 161//125
f 168//126 164//126 162//126 166//126
o Cube.006_Cube.002
v -0.215991 0.433551 0.117751
v -0.216492 0.533163 0.117143
v 1.392896 0.427191 -2.247987
v 1.392395 0.526803 -2.248596
v -0.154378 0.434117 0.159651
v -0.154879 0.533729 0.159043
v 1.454509 0.427757 -2.206087
v 1.454008 0.527368 -2.206696
vn -0.8269 -0.0076 -0.5623
vn 0.5624 -0.0022 -0.8269
vn 0.8269 0.0076 0.5623
vn -0.5624 0.0022 0.8269
vn 0.0050 -1.0000 0.0061
vn -0.0050 1.0000 -0.0061
usemtl None
s off
f 169//127 170//127 172//127 171//127
f 171//128 172//128 176//128 175//128
f 175//129 176//129 174//129 173//129
f 173//130 174//130 170//130 169//130
f 171//131 175//131 173//131 169//131
f 176//132 172//132 170//132 174//132
o Cube.005_Cube.003
v -0.200278 0.418257 0.160777
v -0.200426 0.541461 0.160667
v 0.192350 0.415594 -3.355842
v 0.192202 0.538797 -3.355952
v -0.108690 0.418376 0.171002
v -0.108838 0.541580 0.170892
v 0.283938 0.415713 -3.345617
v 0.283790 0.538916 -3.345727
vn -0.9938 -0.0013 -0.1110
vn 0.1110 -0.0008 -0.9938
vn 0.9938 0.0013 0.1110
vn -0.1110 0.0008 0.9938
vn 0.0012 -1.0000 0.0009
vn -0.0012 1.0000 -0.0009
usemtl None
s off
f 177//133 178//133 180//133 179//133
f 179//134 180//134 184//134 183//134
f 183//135 184//135 182//135 181//135
f 181//136 182//136 178//136 177//136
f 179//137 183//137 181//137 177//137
f 184//138 180//138 178//138 182//138
o Cube.004
v -0.282258 0.419465 0.067598
v -0.282070 0.540985 0.067705
v -0.743966 0.423229 -3.391872
v -0.743778 0.544750 -3.391766
v -0.192159 0.419336 0.055572
v -0.191970 0.540856 0.055679
v -0.653866 0.423100 -3.403898
v -0.653678 0.544621 -3.403790
vn -0.9912 0.0014 0.1323
vn -0.1323 0.0011 -0.9912
vn 0.9912 -0.0014 -0.1323
vn 0.1323 -0.0011 0.9912
vn -0.0015 -1.0000 -0.0009
vn 0.0015 1.0000 0.0009
usemtl None
s off
f 185//139 186//139 188//139 187//139
f 187//140 188//140 192//140 191//140
f 191//141 192//141 190//141 189//141
f 189//142 190//142 186//142 185//142
f 187//143 191//143 189//143 185//143
f 192//144 188//144 186//144 190//144
o Cube.003_Cube.004
v -0.231789 0.440827 0.145353
v -0.231199 0.537471 0.145562
v -1.528347 0.454039 -2.308908
v -1.527757 0.550683 -2.308699
v -0.167870 0.440510 0.111584
v -0.167280 0.537154 0.111792
v -1.464428 0.453722 -2.342677
v -1.463839 0.550366 -2.342468
vn -0.8842 0.0044 0.4671
vn -0.4671 0.0048 -0.8842
vn 0.8842 -0.0044 -0.4671
vn 0.4671 -0.0048 0.8842
vn -0.0061 -1.0000 -0.0022
vn 0.0061 1.0000 0.0022
usemtl None
s off
f 193//145 194//145 196//145 195//145
f 195//146 196//146 200//146 199//146
f 199//147 200//147 198//147 197//147
f 197//148 198//148 194//148 193//148
f 195//149 199//149 197//149 193//149
f 200//150 196//150 194//150 198//150
o Cube.002_Cube.003
v -0.202264 0.418682 0.197286
v -0.201906 0.541885 0.197465
v -1.050792 0.426126 -3.237931
v -1.050434 0.549329 -3.237753
v -0.112797 0.418454 0.175187
v -0.112438 0.541657 0.175365
v -0.961324 0.425898 -3.260031
v -0.960966 0.549101 -3.259852
vn -0.9708 0.0025 0.2398
vn -0.2398 0.0021 -0.9708
vn 0.9708 -0.0025 -0.2398
vn 0.2398 -0.0021 0.9708
vn -0.0029 -1.0000 -0.0014
vn 0.0029 1.0000 0.0014
usemtl None
s off
f 201//151 202//151 204//151 203//151
f 203//152 204//152 208//152 207//152
f 207//153 208//153 206//153 205//153
f 205//154 206//154 202//154 201//154
f 203//155 207//155 205//155 201//155
f 208//156 204//156 202//156 206//156
o Cube.001_Cube.002
v -0.172209 0.417431 0.105703
v -0.172516 0.540634 0.105441
v 0.682186 0.412277 -3.328064
v 0.681879 0.535480 -3.328326
v -0.082779 0.417701 0.127954
v -0.083086 0.540904 0.127693
v 0.771616 0.412547 -3.305813
v 0.771309 0.535750 -3.306074
vn -0.9704 -0.0029 -0.2415
vn 0.2415 -0.0015 -0.9704
vn 0.9704 0.0029 0.2415
vn -0.2415 0.0015 0.9704
vn 0.0025 -1.0000 0.0021
vn -0.0025 1.0000 -0.0021
usemtl None
s off
f 209//157 210//157 212//157 211//157
f 211//158 212//158 216//158 215//158
f 215//159 216//159 214//159 213//159
f 213//160 214//160 210//160 209//160
f 211//161 215//161 213//161 209//161
f 216//162 212//162 210//162 214//162
o Cube_Cube.001
v -0.208967 0.422725 0.145950
v -0.208967 0.537190 0.145950
v -0.208967 0.422725 -3.141537
v -0.208967 0.537190 -3.141537
v -0.123347 0.422725 0.145950
v -0.123347 0.537190 0.145950
v -0.123347 0.422725 -3.141537
v -0.123347 0.537190 -3.141537
vn -1.0000 0.0000 0.0000
vn 0.0000 0.0000 -1.0000
vn 1.0000 0.0000 0.0000
vn 0.0000 0.0000 1.0000
vn 0.0000 -1.0000 0.0000
vn 0.0000 1.0000 0.0000
usemtl None
s off
f 217//163 218//163 220//163 219//163
f 219//164 220//164 224//164 223//164
f 223//165 224//165 222//165 221//165
f 221//166 222//166 218//166 217//166
f 219//167 223//167 221//167 217//167
f 224//168 220//168 218//168 222//168
